c1: 0.7589285713629144
c2: 0.24107142863708575
